4571.2833402
3484.95228453
3438.55175394
3415.47518172
3398.16523936
3383.55642795
3371.7034688
3362.29989796
3351.74138048
3342.1199908
3333.39301589
3326.01543083
3319.81949433
3313.00835371
3307.32337124
3302.57555623
3297.93618185
3293.40565142
3288.51603725
3283.48399549
3278.10120782
3272.97215325
3267.27448686
3261.72301156
3256.237573
3251.14791398
3246.51269237
3242.49071381
3238.891436
3235.61444686
3232.47694915
3229.74472969
3227.30254453
3224.78547185
3222.23682671
3219.7828965
3217.24725883
3215.09309656
3213.10843905
3211.3471792
3209.48195848
3207.61058829
3205.72356025
3203.86541907
3202.36418381
3201.38404872
3200.19184665
3198.82549513
3197.29267218
3195.62504852
3194.1016973
3192.75288758
3191.48816845
3190.22330695
3188.77383485
3187.0732391
3185.5360108
3184.01446974
3182.27228961
3180.67778132
3179.12919632
3177.64766125
3176.14810158
3174.54913955
3172.967391
3171.43254021
3169.797914
3168.00916572
3166.19632008
3164.47677868
3162.90285603
3161.26546515
3159.54192033
3157.92846303
3156.26768966
3154.51526022
3152.80396642
3151.06464999
3149.2366094
3147.46563815
3145.79698362
3144.26633019
3143.01044354
3141.7322363
3140.3916229
3139.23460553
3138.06943579
3136.9391385
3135.68183537
3134.33160166
3133.19357913
3131.90982964
3130.53453339
3129.01998338
3127.26057042
3125.33205376
3123.14242047
3120.8724589
3118.51936775
3116.11611545
3113.90592096
3111.85779388
3109.87610241
3107.86519038
3106.12488729
3104.45147343
3102.72799921
3101.20076295
3099.78518962
3098.4529274
3097.19190546
3096.05008179
3095.10803422
3094.00541082
3092.74110455
3091.45063759
3090.3258694
3089.20647077
3088.02005536
3086.76862122
3085.52351028
3084.22855249
3082.93620916
3081.74033534
3080.56005409
3079.43889372
3078.4420332
3077.49130189
3076.6430189
3075.89836776
3075.19087072
3074.36092027
3073.55146217
3072.71676019
3071.98444947
3071.18541509
3070.33843764
3069.57074946
3068.93403337
3068.38875075
3068.0963146
3067.71461384
3067.24997041
3066.89932466
3066.66817651
3066.49984984
3066.23046135
3065.92961608
3065.62378175
3065.25279799
3064.83876492
3064.40323869
3063.99561139
3063.64699065
3063.37121896
3063.12611716
3062.86280308
3062.54014912
3062.28658227
3062.01688622
3061.59194768
3061.10317164
3060.55825717
3059.99509453
3059.44305799
3058.89413399
3058.35927171
3057.87029575
3057.38395646
3056.9200341
3056.45813721
3056.00399489
3055.5606945
3055.18851884
3054.9190399
3054.68030221
3054.47268976
3054.25884318
3054.01073871
3053.7486558
3053.49367283
3053.25739686
3052.97953381
3052.74841053
3052.51099268
3052.32695961
3052.16663018
3051.98919528
3051.82071343
3051.63750677
3051.43392601
3051.25756061
3051.08570127
3050.87835222
3050.63423333
3050.36669861
3050.08133818
3049.81724153
3049.52767281
3049.17259393
3048.78642918
3048.45589973
3048.12785498
3047.7880105
3047.40750998
3046.97980122
3046.60835
3046.27944382
3045.94536623
3045.65594396
3045.39774879
3045.17210239
3044.94888615
3044.75094179
3044.54444432
3044.36258096
3044.18136003
3044.00513607
3043.81164531
3043.63839119
3043.51562911
3043.42150922
3043.34087209
3043.28557052
3043.25249532
3043.21876727
3043.20074184
3043.22206533
